20
4886 4367 95 87 1000000 3493 4363 2 66 19 64
943 715 356 144 449 893 533 86 24 28 90
4 4 2 2 1 0 2 1 2 3 4
35277 38250 2 199 1349 28136 16549 49 90 40 96
1163 9027 94 86 1000000 1054 6993 92 90 59 19
38095 39579 180 6 1507 11485 32227 86 32 39 26
39954 39461 443 17 1000000 34349 36388 60 98 69 44
5726 4567 144 121 1000000 454 3685 99 81 46 52
4 4 1 1 3 1 1 2 2 2 2
37637 35252 131 4 1326 1844 2265 72 38 3 79
39353 39838 20565 20767 3 35517 37854 90 60 17 84
16 18 5 1 5 10 8 21 27 29 87
9870 591 100 109 1000000 46 313 37 25 63 70
4718 7077 134 115 1000000 3964 4597 7 20 29 77
39724 39430 20919 20227 3 7295 34728 28 46 33 14
1078 5052 143 146 1000000 857 568 15 20 2 7
8497 2343 94 193 1000000 5999 1852 70 15 92 16
39843 39881 20522 20114 3 11897 5279 74 89 96 58
6503 8478 146 197 1000000 332 8138 33 8 90 43
28557 13495 1138 1991 385 23252 10801 56 19 77 36
