20
80 75 34 178 47 13 133 115 60 131 14 185 147 100 97 158 79 99 63 129 134 66 164 85 25 15 236 180 126 142 116 129 69 2 159 116 15 145 83 178 26 97 113 26 50 62 36 129 13 100 8 147 166 25 232 44 40 70 76 18 65 44 249 134 46 158 103 62 53 186 92 182 34 57 60 84 119 96 65 234 196
3 0 0 0
80 142 71 22 105 193 79 111 28 128 197 200 45 132 37 149 51 89 136 103 176 198 44 36 6 107 92 167 164 171 70 230 166 244 104 123 187 183 234 67 62 181 17 209 165 156 108 69 245 245 172 171 45 69 59 51 176 152 71 90 175 243 172 91 89 27 66 128 62 50 196 124 83 213 186 249 120 44 68 115 141
25 18 6 8 8 24 3 11 14 19 12 0 26 18 19 22 16 6 24 29 15 10 14 28 17 21
50 45 56 79 18 87 12 48 72 59 9 36 10 42 87 6 1 13 72 21 55 19 99 21 4 39 11 40 67 5 28 27 50 84 58 20 24 22 69 96 81 30 84 92 72 72 50 25 85 22 99
100 130 22 34 85 108 94 180 108 244 2 345 184 122 287 125 157 135 202 92 148 296 186 330 40 49 251 112 156 389 54 48 72 28 82 157 88 176 337 197 20 339 94 205 14 382 282 123 69 36 215 217 284 353 99 324 354 350 36 110 292 42 158 364 23 241 121 111 369 10 260 390 302 355 147 316 289 381 39 358 17 206 175 301 111 274 178 65 177 166 176 69 161 334 33 136 127 106 199 97 116
25 11 17 28 5 17 24 1 8 25 29 7 15 13 8 8 3 21 18 9 26 4 13 13 23 8
100 396 393 391 392 390 396 395 391 399 394 394 396 398 391 390 398 391 392 399 398 398 396 398 392 390 392 394 399 398 391 395 396 394 396 398 396 393 395 397 394 392 394 390 392 397 392 390 391 396 391 399 394 399 399 396 399 394 392 390 392 393 396 398 399 392 398 396 397 393 395 393 395 399 395 399 397 399 399 390 395 392 391 390 392 390 396 393 396 399 394 398 394 390 398 394 394 398 392 394 392
80 115 247 171 26 19 218 201 203 153 183 157 209 228 56 47 220 84 58 84 198 241 126 148 215 52 171 189 59 6 10 16 224 109 39 0 128 109 53 81 114 88 239 176 67 147 223 37 231 32 122 31 125 100 179 90 4 100 131 63 107 244 181 81 103 220 183 232 181 237 165 46 75 154 222 142 51 47 32 134 181
50 39 2 28 3 0 81 47 38 59 51 35 34 39 92 15 27 4 29 49 64 85 29 43 35 77 0 38 71 49 89 67 88 92 95 43 44 29 90 82 40 41 69 26 32 61 42 60 17 23 61
2 1 1
8 0 6 2 6 1 8 7 9
2 1 2
50 11 42 32 96 79 21 70 84 72 27 34 40 83 72 98 30 63 47 50 30 73 14 59 22 47 24 82 35 32 4 54 43 98 86 40 78 59 62 62 83 41 48 23 24 72 22 54 35 21 57
50 22 94 73 47 31 62 82 90 92 91 57 15 21 57 74 91 47 51 31 21 37 40 54 30 98 25 81 16 16 2 31 39 96 4 38 80 18 21 70 62 12 79 77 85 36 4 76 83 7 59
50 81 9 90 25 96 67 77 34 90 26 24 57 14 68 5 58 12 86 0 46 26 94 16 52 78 29 46 90 47 70 51 80 31 93 57 27 12 86 14 55 12 90 12 79 10 69 89 74 55 41
4 2 2 2 2
80 6 165 57 208 95 249 212 47 233 26 154 227 59 87 182 132 21 16 63 110 182 211 185 86 35 180 240 83 64 226 116 70 142 25 28 89 25 240 136 110 118 143 87 178 82 121 60 205 138 225 65 70 187 103 8 222 33 100 157 97 77 126 19 71 151 149 160 28 139 148 138 110 143 77 140 226 199 52 181 87
25 0 26 4 6 12 5 8 16 12 8 14 27 12 14 0 6 2 29 9 10 8 11 3 11 21
25 26 10 4 28 18 18 9 27 17 6 14 3 0 23 20 29 22 5 4 0 5 29 14 16 9
