20
2
0 3 0 2 10 2 3 -2
10 3 2 3 8 7 2 0
3
2 1 0 5 10 2 4 0
0 3 0 2 7 1 1 2
3 3 0 5 1 1 2 0
2
3 2 0 2 9 2 3 0
6 1 1 4 6 3 -1 -2
6
3414 2 -25 61 326 54788 -7 61
181452 8 -10 3 6717 12710 2 -498
223505 8 -62 77 280 13242 5 595
101271 3 -16 37 8692 213187 -4 -883
265384 8 -81 89 3249 13934 -5 -37
197549 4 -3 78 2761 22851 -10 560
1
11644 2 46 49 1000000 49260 4 100000
9
37407 9 25 26 312641 42228 1 29001
1314 6 92 93 184608 1217 0 30033
255850 1 92 93 466195 325538 0 -7520
53498 3 92 93 138923 160804 0 2275
96867 6 92 93 440845 101854 0 42433
16889 1 92 93 324525 290009 0 5077
42 3 32 33 1000000 728 2 100000
7015 6 92 93 86582 4550 0 -7745
3828 2 92 93 240800 5715 0 -13237
10
94438 10 -77 -5 734434 17820 -4 -66138
18135 10 36 88 138370 15307 3 43811
10619 10 -50 78 471576 31197 -9 -31310
42168 10 -18 32 856928 64040 -1 26952
401411 10 -72 20 681616 21724 7 -63672
113056 10 -37 90 856341 39102 -10 -69649
55298 10 -75 54 955783 114 5 24465
17556 10 -99 65 482808 44594 -10 59837
79940 10 37 56 782880 50318 -9 97001
41431 10 13 77 497477 19331 -7 36549
10
10442 10 -62 1 810639 57640 -3 -48000
10442 10 -60 -44 774663 57640 3 -84368
10442 10 -67 51 446684 57640 -2 66065
10442 10 -65 -46 882055 57640 -5 5727
10442 10 -87 -45 493010 57640 8 22259
10442 10 -25 50 557783 57640 -3 32983
10442 10 68 78 912491 57640 -4 -44815
10442 10 -86 99 948352 57640 9 -77429
10442 10 -76 60 938613 57640 4 33567
10442 10 -63 -4 191298 57640 10 91156
10
26034 10 -74 92 607883 9773 6 -50251
26034 10 1 15 764997 9773 -7 -59123
26034 10 -14 98 308586 9773 6 22325
26034 10 -6 45 559922 9773 3 49
26034 10 -7 48 867710 9773 -8 -93774
26034 10 -15 93 804875 9773 8 44542
26034 10 26 27 654047 9773 0 -8920
26034 10 -20 17 584831 9773 7 -16911
26034 10 -67 33 696276 9773 10 39274
26034 10 25 54 39547 9773 -1 38879
10
47318 10 -73 -46 508173 13680 -10 -54338
183171 10 -76 53 904193 36458 -2 -85689
26929 10 -97 84 786929 9577 4 -20873
224860 10 37 39 814093 15282 -1 -7243
46588 10 9 11 367797 3932 1 -18661
151549 10 -50 80 832464 20132 10 36994
10230 10 -57 54 530028 58307 6 -28905
771 10 -34 49 806775 34054 -4 83822
107520 10 86 94 999307 44193 7 79112
249739 10 -54 42 479811 3460 -3 9136
10
57400 10 45 61 692121 36021 -2 -73726
57400 10 45 61 531389 36021 -8 -57152
57400 10 45 61 643529 36021 -4 86915
57400 10 45 61 850209 36021 -4 -94431
57400 10 45 61 37854 36021 8 59332
57400 10 45 61 815036 36021 -8 -82551
57400 10 45 61 993341 36021 -8 36171
57400 10 45 61 366088 36021 -1 41962
57400 10 45 61 650872 36021 -4 17560
57400 10 45 61 865974 36021 4 38322
1
15041 8 -77 36 6952 1442 -8 -444
5
368555 2 -72 75 4347 189901 -9 -711
240304 6 52 77 9529 32558 -7 -199
8190 8 -75 100 2419 5973 2 858
77145 10 47 99 6028 37220 -10 -332
265 4 -55 80 1179 7180 5 746
4
211009 1 -74 60 3785 2058 10 124
38676 10 -97 -15 5967 895 -4 186
272975 1 70 78 4246 5185 -6 566
140813 5 -6 7 7956 22426 -7 128
2
89472 10 10 56 9349 31499 -10 688
339560 10 -25 -14 3930 14324 10 727
5
119222 2 -86 -7 4874 109861 5 329
45345 8 1 68 719 59526 2 48
43909 4 40 49 3789 145265 7 -408
95328 7 26 57 7559 4282 -5 -576
2363 7 66 69 9864 3906 8 689
6
12634 6 -56 38 4755 6493 -6 -576
48996 4 -26 -13 7307 162795 -8 998
39972 5 51 86 9995 100346 -9 -105
13702 8 -80 33 126 10612 7 668
25413 7 -2 29 7021 18521 -8 -229
8752 5 -75 43 1952 123350 10 -187
8
3727 7 -35 34 6011 56563 -4 701
243006 6 -50 61 2005 19448 2 839
62037 4 22 68 6515 161662 3 880
1224 2 -78 54 7719 47118 10 125
80535 7 -68 -36 4759 8627 -4 -374
396977 2 -46 79 9259 229361 -10 377
106706 2 44 64 4780 5223 -6 889
136020 4 -100 80 5294 13139 -6 368
10
21479 4 66 92 8967 14432 10 -492
197728 9 -62 34 918 24875 1 553
14026 1 3 63 5943 5950 0 682
30746 5 -36 17 6849 60225 -5 -997
312335 1 -94 -40 8106 3111 -10 147
16322 7 -7 41 7744 88834 -5 37
22232 1 -16 37 5649 1919 2 315
35566 8 -90 -4 2831 31013 9 435
7480 6 -48 33 9193 46445 -1 955
34310 2 61 80 2598 55220 -9 -538
8
154080 5 -64 -45 2696 58000 2 214
47187 3 78 91 4072 17647 7 762
116677 1 -63 49 6065 1278 -8 119
3499 3 -85 -34 8688 45249 -5 932
369026 9 -40 46 2494 33638 4 552
103674 7 24 88 2908 15055 -8 145
5814 2 -38 46 5558 106682 6 -862
32974 10 -89 -4 7273 589 -6 655
