20
2
0 3 0 2 10 2 3 -2
10 3 2 3 8 7 2 0
3
2 1 0 5 10 2 4 0
0 3 0 2 7 1 1 2
3 3 0 5 1 1 2 0
2
3 2 0 2 9 2 3 0
6 1 1 4 6 3 -1 -2
6
3414 2 -25 61 326 54788 -7 61
181452 8 -10 3 6717 12710 2 -498
223505 8 -62 77 280 13242 5 595
101271 3 -16 37 8692 213187 -4 -883
265384 8 -81 89 3249 13934 -5 -37
197549 4 -3 78 2761 22851 -10 560
9
32470 8 35 36 303920 14263 1 22128
132311 1 -91 -90 23118 14263 0 36403
46733 7 -91 -90 377244 14263 0 -7362
60996 6 -91 -90 484689 14263 0 -16312
46733 7 -91 -90 91966 14263 0 25956
118048 2 -91 -90 179923 14263 0 36057
18207 9 -91 -90 459727 14263 0 -35736
3944 10 39 42 1000000 14263 4 100000
3944 10 -91 -90 322878 14263 0 -22195
10
44074 8 -29 -28 432000 49975 1 24747
12457 4 -24 -22 1000000 57769 3 100000
36404 3 -33 -32 356818 103315 0 7518
202870 6 -33 -32 386613 15747 0 18330
57208 4 -33 -32 417010 94932 0 4007
68940 4 -33 -32 233247 10371 0 45509
183765 10 -33 -32 226269 16878 0 29515
96009 7 -33 -32 498262 72739 0 -7207
109386 5 -33 -32 85782 137358 0 48962
7817 4 -33 -32 376867 73923 0 23695
10
118 10 69 75 303154 2424 -3 82942
96880 10 -58 -27 331259 35772 -9 17391
1655 10 5 22 591264 29124 -1 -47310
7590 10 -93 40 427035 55093 6 32050
17334 10 -7 82 379052 1121 -5 -39034
188685 10 -56 59 899837 15296 -10 -37001
374206 10 -54 -45 860417 404 -7 -54479
253990 10 -41 18 870008 9736 0 -82995
12943 10 -89 96 377680 4856 -1 73095
53132 10 -46 62 691812 6743 10 -66623
10
47066 10 -50 14 639168 259 1 -70997
47066 10 25 94 674384 259 -7 -37113
47066 10 -64 97 361271 259 8 51600
47066 10 23 68 923595 259 6 39977
47066 10 52 62 573536 259 6 -20782
47066 10 -89 52 656000 259 10 15368
47066 10 9 100 597138 259 10 -48841
47066 10 -69 99 506356 259 -9 -47629
47066 10 73 83 655848 259 -6 -68682
47066 10 13 69 697233 259 -2 75951
10
14913 10 -71 20 919439 42885 2 2656
14913 10 9 52 387039 42885 5 72392
14913 10 20 26 903251 42885 5 -94614
14913 10 -99 43 398729 42885 -4 -36784
14913 10 53 58 724755 42885 5 -53450
14913 10 1 60 315352 42885 -1 -2080
14913 10 -15 67 326962 42885 5 28158
14913 10 72 84 753087 42885 4 65657
14913 10 2 70 906719 42885 3 -24997
14913 10 -20 67 529719 42885 -2 -55695
10
52747 10 53 79 328325 60015 3 -21695
257353 10 -78 81 229268 26640 -10 28049
239603 10 -64 60 887215 14609 10 -32103
29288 10 -84 69 811458 12174 -6 -24176
29783 10 -67 42 489659 11262 2 94889
250245 10 -88 65 994675 3003 -8 -99951
105184 10 55 77 249961 51897 -8 80549
81777 10 -52 12 581179 30191 7 75037
200496 10 89 95 361084 11005 -1 85519
21652 10 -70 54 953477 290 2 -85833
10
1583 10 -63 77 456659 20657 -4 5120
1583 10 -63 77 516683 20657 2 -44206
1583 10 -63 77 927689 20657 -4 -30764
1583 10 -63 77 547817 20657 2 -33866
1583 10 -63 77 223390 20657 -8 46050
1583 10 -63 77 344915 20657 1 -24312
1583 10 -63 77 652176 20657 -1 -41137
1583 10 -63 77 691855 20657 -8 -56919
1583 10 -63 77 218678 20657 -8 82477
1583 10 -63 77 883851 20657 1 -96182
4
29570 6 -3 43 5861 1421 -8 365
11280 3 -45 44 7279 116909 7 -465
2699 6 -25 -5 4916 2727 0 506
56616 9 -8 30 5264 2689 4 -473
3
257099 7 -90 -19 4378 16925 0 442
282470 2 -14 56 9723 186578 4 403
198226 5 22 28 2629 32754 8 -248
9
107179 4 -100 93 3171 16529 -1 288
113810 5 -27 -13 4166 114422 9 -772
236437 3 -81 22 7430 62075 0 -419
43310 10 37 83 6847 5932 -6 317
312220 6 -49 72 8954 18376 10 -968
8717 8 -58 72 9913 5236 -7 -90
32946 9 16 17 769 864 10 985
7523 9 -92 -46 8405 3751 -6 653
20055 1 12 72 5540 1080 -10 31
1
38087 8 -32 -12 4889 37017 -8 716
9
132060 4 36 65 8208 2630 -7 -860
136527 4 46 51 9978 21872 -1 782
49563 3 27 81 5581 112458 4 -696
65929 8 -24 28 6296 62973 -6 401
126091 4 3 86 7672 5082 -9 -759
190305 4 -68 -41 2727 41949 8 147
1312 10 17 33 2361 43285 1 192
151194 3 61 63 7291 49262 -10 -680
524535 6 4 29 8624 13997 1 -959
7
161073 9 53 66 990 6339 8 812
91450 7 24 39 533 7342 2 796
328388 7 -94 99 7143 9958 5 -829
15022 10 -65 86 5381 7458 9 447
14385 6 -7 27 6569 1610 3 -929
10785 8 -62 -5 5125 8323 10 342
157687 8 55 80 3588 12133 6 165
10
867 4 -35 90 2543 34095 -9 135
38514 7 -49 100 7557 2567 -3 -541
3602 6 -88 -14 4413 5072 -5 136
5770 6 -72 -22 4594 2374 -2 -572
212414 2 -14 48 4376 260878 1 935
35990 7 -31 21 8415 10276 -9 -813
8719 1 -54 -4 3738 4507 8 456
25480 7 -83 -69 9888 1525 -7 -882
128926 3 -60 -11 608 8011 2 -238
15239 3 -31 48 2030 166857 -2 293
2
54015 10 -11 52 6506 104 8 758
50767 1 -64 83 576 2425 -2 -624
6
57377 10 -36 100 4481 9779 4 -289
132312 1 -75 26 171 6722 -4 -669
128921 4 -68 67 1206 58924 -10 172
97944 1 -54 -41 5584 337 1 -16
80236 2 5 95 7953 201789 10 -625
14545 7 -53 29 9715 973 -6 558
