20
2
0 3 0 2 10 2 3 -2
10 3 2 3 8 7 2 0
3
2 1 0 5 10 2 4 0
0 3 0 2 7 1 1 2
3 3 0 5 1 1 2 0
2
3 2 0 2 9 2 3 0
6 1 1 4 6 3 -1 -2
6
3414 2 -25 61 326 54788 -7 61
181452 8 -10 3 6717 12710 2 -498
223505 8 -62 77 280 13242 5 595
101271 3 -16 37 8692 213187 -4 -883
265384 8 -81 89 3249 13934 -5 -37
197549 4 -3 78 2761 22851 -10 560
8
343400 4 72 73 420101 8571 1 -32748
360542 2 61 62 225289 8571 0 33629
343400 4 61 62 429185 8571 0 -38266
326258 6 61 62 476565 8571 0 -37688
291974 10 69 75 1000000 8571 7 100000
317687 7 61 62 480872 8571 0 -3904
326258 6 61 62 182735 8571 0 -35536
334829 5 61 62 268396 8571 0 -37529
4
89653 8 -62 -57 1000000 10421 6 100000
7692 3 -59 -58 21921 145817 1 22462
82602 9 -48 -47 469168 17643 0 29186
202693 6 -48 -47 135398 14604 0 13823
10
122482 10 -41 -28 377333 8918 -10 72597
6150 10 -15 -4 958540 3525 -2 -93313
67567 10 -59 67 136379 45776 8 63016
10452 10 -91 -6 340779 1554 1 69697
1078 10 -89 -58 924817 6999 -3 -65763
80782 10 -89 -53 979852 12672 -2 87355
96420 10 62 68 709652 19842 10 -71083
18416 10 45 81 954645 4028 -4 39750
27803 10 -72 89 651656 49186 5 -31936
271598 10 62 92 882824 3050 -6 45750
10
1711 10 -87 -22 342460 5925 5 -4413
1711 10 -59 29 168962 5925 9 -10268
1711 10 6 53 540286 5925 -4 -50606
1711 10 36 43 549040 5925 0 65723
1711 10 -97 -76 710773 5925 -7 -36558
1711 10 -77 -37 964261 5925 1 -83079
1711 10 31 66 784616 5925 -1 83680
1711 10 -30 92 507025 5925 4 -44780
1711 10 -79 -37 892300 5925 -5 -97621
1711 10 -54 -10 614656 5925 4 2736
10
32656 10 -92 -76 627019 2059 4 -40040
32656 10 -8 96 850302 2059 6 -75244
32656 10 -15 27 812190 2059 7 -86383
32656 10 38 90 796653 2059 1 81272
32656 10 -69 -68 782076 2059 1 -26360
32656 10 -70 30 368291 2059 -9 499
32656 10 -87 70 982021 2059 -3 48537
32656 10 0 85 830900 2059 4 -56353
32656 10 -77 -50 851927 2059 2 -93841
32656 10 -73 -69 777880 2059 2 86735
10
71919 10 -88 -34 982819 11953 4 -66980
52293 10 -89 54 407971 1592 4 48941
115380 10 18 56 47838 440 -5 99272
258366 10 -41 32 781094 28130 1 45551
40283 10 -99 10 472506 66 -2 62472
45824 10 -60 27 316135 2794 -10 74319
116660 10 10 62 105598 3882 10 7199
1639 10 -51 -44 539181 42428 -3 -37187
267358 10 -61 64 716650 14567 7 -76760
90349 10 -89 92 969896 59823 10 46817
10
3374 10 -59 96 549007 11933 8 -28423
3374 10 -59 96 924416 11933 2 -84291
3374 10 -59 96 728093 11933 4 -78641
3374 10 -59 96 727500 11933 -1 76810
3374 10 -59 96 939156 11933 -2 10418
3374 10 -59 96 532895 11933 8 98728
3374 10 -59 96 856645 11933 -2 70143
3374 10 -59 96 537721 11933 8 -44640
3374 10 -59 96 217984 11933 8 42028
3374 10 -59 96 385539 11933 1 11743
5
201079 5 33 96 8843 90542 4 -428
28440 10 -4 81 7794 19286 -7 792
79798 2 -99 15 9049 13625 5 -741
93053 3 -84 -80 7214 145606 4 258
331107 3 6 37 532 129556 8 -9
2
31240 9 -11 -6 1045 39727 5 527
389497 4 -5 54 6829 9759 -1 -532
10
19689 8 1 70 9759 5690 -9 239
828 6 1 4 4117 17360 5 -673
18419 4 -19 0 5937 89202 -10 -524
2729 5 -10 24 4209 26153 3 -680
67883 7 8 69 6959 5683 5 -859
50577 4 51 82 3784 33726 1 -894
333858 4 4 76 5021 27650 -4 -767
8720 9 -37 5 9766 601 7 -742
69181 6 -96 -43 9803 34681 0 -762
259053 2 -4 22 2642 197918 -9 149
5
939 10 49 90 8448 11224 2 -256
6983 10 -84 -35 7506 32711 5 -206
104455 8 64 95 9636 17108 -1 -930
4555 9 -75 87 2474 2883 -2 524
117789 3 -35 20 2447 37077 -8 -522
5
357060 9 -19 30 7566 12423 5 -772
1713 10 7 75 7455 1183 -6 505
2110 6 -69 26 5549 14406 2 -163
26914 10 -44 -21 6242 301 6 -545
107551 8 -32 82 8024 10711 4 -902
3
344748 1 74 87 5466 2261 2 763
6684 4 -71 38 9542 192561 -10 116
2635 1 -52 94 6674 1741 5 -107
9
72866 7 -19 48 7356 16633 10 325
18083 2 -35 46 6662 89848 5 -335
240769 3 -39 81 9911 37690 6 818
34407 7 -31 58 311 78991 3 244
85086 7 38 65 7872 24917 -9 -911
17851 4 -97 64 1279 169465 4 -318
44548 7 -12 -5 4806 6382 0 866
409915 7 -88 -73 8620 1671 9 386
77235 8 -85 -26 6888 32460 3 427
2
2190 10 -91 16 3056 1842 -10 -202
40990 2 -28 -19 3059 110138 0 579
9
292386 10 20 80 7948 13204 -6 128
3020 5 -15 -2 8295 132867 -1 -411
5602 9 -64 -22 7337 3861 -4 -493
223957 9 70 73 4931 16892 -1 -467
15874 3 -26 -3 6165 119555 -4 -449
102837 3 -9 85 8343 7676 -7 887
200875 5 -6 39 9238 12231 0 363
111107 6 -73 55 2560 35979 -10 -94
25667 6 -27 25 9308 83781 -6 -719
