10 3 1   1 1 1 1 1 1 1 1 1 1   1 1 1 1 1 1 1 1 1 1


3 1 1
1 100
1000 100
100 1000




1000 300 3
329 881
785 461
209 319
680 195
122 739
444 934
770 625
722 345
119 262
508 944
475 549
755 851
971 641
327 931
938 644
63 146
771 989
131 727
460 920
166 254
269 120
730 126
767 704
140 556
417 31
798 94
270 929
939 898
707 850
757 371
876 445
82 197
710 579
965 952
15 255
545 737
938 598
280 583
262 789
106 968
246 242
809 116
795 820
625 321
574 15
45 5
258 783
773 723
909 110
59 980
407 856
188 142
204 171
836 971
556 229
154 832
209 294
539 222
176 612
450 998
296 316
725 924
472 934
778 150
13 298
481 278
361 295
843 107
703 859
968 214
43 636
351 904
215 412
630 169
493 171
1 787
11 326
7 509
1 22
1 475
1 620
3 939
1 224
1 954
1 944
1 749
1 149
1 932
1 818
1 880
1 678
1 974
1 736
1 427
1 690
1 903
1 878
1 430
1 390
1 873
1 56
1 756
1 997
1 448
1 515
1 128
1 568
1 521
1 927
1 59
1 671
1 828
1 815
1 156
1 862
1 379
1 566
1 350
1 289
1 832
1 627
1 941
1 471
1 394
1 334
1 568
1 409
1 752
1 296
1 504
1 940
1 835
1 406
1 343
1 651
1 48
1 302
1 186
1 261
1 812
1 801
1 527
1 276
1 357
1 319
1 751
1 939
1 631
1 21
1 428
1 479
1 684
1 161
1 476
1 919
1 682
1 460
1 459
1 260
1 841
1 207
1 284
1 473
1 82
1 870
1 465
1 835
1 528
1 335
1 814
1 409
1 138
1 179
1 745
1 156
1 247
1 932
1 316
1 752
1 488
1 645
1 329
1 17
1 568
1 661
1 428
1 62
1 199
1 139
1 253
1 913
1 298
1 690
1 131
1 333
1 308
1 535
1 401
1 358
1 601
1 181
1 348
1 540
1 701
1 871
1 802
1 15
1 696
1 966
1 540
1 308
1 756
1 438
1 684
1 222
1 773
1 5
1 847
1 805
1 7
1 572
1 156
1 42
1 500
1 59
1 771
1 600
1 347
1 640
1 831
1 68
1 857
1 361
1 252
1 270
1 899
1 180
1 568
1 214
1 529
1 110
1 541
1 975
1 997
1 705
1 85
1 598
1 217
1 651
1 620
1 419
1 988
1 221
1 818
1 606
1 717
1 185
1 110
1 11
1 430
1 211
1 643
1 214
1 586
1 537
1 350
1 7
1 494
1 915
1 645
1 767
1 603
1 914
1 377
1 689
1 498
1 52
1 556
1 609
1 654
1 854
1 116
1 271
1 685
1 960
1 78
1 805
1 751
1 813
1 970
1 124
1 149
1 703
1 893
1 747
1 50
1 766
1 858
1 695
1 781
1 562
1 584
1 19
1 549
1 436
1 783
1 394
1 731
1 289
1 554
1 727
1 803
1 302
1 101
1 899
1 466
1 140
1 87
1 407
1 865
1 317
1 393
1 253
1 712
1 372
1 509
1 515
1 387
1 673
1 944
1 239
1 696
1 826
1 673
1 731
1 182
1 291
1 279
1 682
1 432
1 334
1 605
1 425
1 159
1 819
1 224
1 214
1 851
1 737
1 671
1 532
1 754
1 642
1 66
1 221
1000 887
994 979
995 772
991 773
990 684
997 345
996 457
996 957
993 423
993 156
993 144
990 158
997 960
992 319
994 809
998 425
999 337
993 173
991 790
995 45
990 244
998 941
998 686
990 120
998 320
993 615
999 669
992 596
994 244
999 597
993 333
999 476
999 994
992 242
992 817
1000 35
995 573
991 957
1000 843
993 243
995 395
993 823
994 405
998 219
998 506
999 608
992 589
990 504
991 542
990 253
999 902
993 725
991 530
992 341
993 486
995 898
991 970
990 94
992 34
993 504
991 327
991 636
997 931
992 146
999 817
990 611
991 163
994 885
998 902
995 279
998 608
1000 808
991 706
992 755
991 696
991 900
994 837
994 878
999 891
995 237
998 552
999 974
1000 260
996 975
996 647
993 897
994 871
998 890
995 23
990 199
991 732
997 870
992 657
990 665
992 530
1000 887
991 501
993 484
997 132
995 641
996 807
992 374
994 487
990 332
991 494
997 711
993 785
994 769
993 143
990 362
995 987
992 370
996 717
997 481
995 952
994 661
999 668
995 195
994 483
991 626
997 281
999 720
998 596
995 632
990 979
1000 499
997 387
994 611
993 117
999 911
996 67
991 56
995 601
991 291
1000 80
995 519
990 981
995 710
996 873
994 512
990 521
999 258
991 334
993 478
993 871
995 964
990 634
997 902
1000 746
998 474
993 321
999 488
992 175
993 67
992 75
999 957
995 894
990 882
992 103
993 686
994 976
993 347
1000 952
990 755
993 994
996 644
992 547
992 241
994 217
994 165
990 822
997 978
996 132
995 440
992 939
999 305
994 365
999 384
997 706
1000 890
1000 351
993 142
994 898
998 974
991 912
995 855
995 72
993 260
995 112
1000 966
994 93
995 161
999 896
996 792
991 355
996 17
998 604
998 234
997 760
999 282
993 9
994 373
991 146
991 920
991 103
995 682
1000 985
990 731
994 7
995 278
991 592
997 162
999 253
1000 615
990 244
994 459
996 870
996 892
1000 570
997 71
999 963
996 760
997 372
994 995
995 92
999 518
993 589
990 121
996 894
993 166
990 448
999 387
997 749
996 207
991 508
1000 192
1000 890
996 538
995 146
998 972
999 317
991 829
991 285
991 948
999 995
997 77
998 152
993 351
996 65
996 914
993 227
992 182
996 150
997 38
991 846
998 891
990 189
990 126
1000 308
993 477
996 360
1000 695
993 73
992 874
995 573
995 353
994 756
994 916
993 500
996 375
991 573
1000 493
993 119
997 525
997 951
999 82
991 729
997 272
996 503
997 962
1000 343
990 297
1000 82
993 871
994 433
994 162
998 499
991 515
990 377
997 830
1000 442
993 668
1000 706
991 404
997 869
999 801
1000 978
998 437
997 114
993 611
602 480
786 641
960 210
801 276
503 309
463 78
898 552
75 962
109 87
343 664
971 855
972 516
630 865
471 625
208 624
213 819
144 324
163 274
41 185
597 898
853 65
560 912
319 502
796 279
542 924
425 783
597 411
602 343
863 578
647 674
832 286
44 173
662 131
415 152
766 738
495 291
652 624
864 928
362 839
699 214
785 613
881 142
406 714
256 94
387 992
415 538
518 563
475 555
199 759
252 552
475 833
698 529
78 446
737 74
53 711
307 876
921 878
908 623
792 98
185 596
661 295
274 872
192 601
174 178
104 878
926 709
876 579
162 976
809 431
135 683
702 828
98 549
715 491
726 432
912 767
473 838
722 570
621 605
336 364
890 301
611 11
848 419
252 484
2 190
240 302
423 894
310 303
970 476
490 625
2 229
474 596
779 496
29 383
27 63
227 809
129 138
126 330
327 630
904 919
8 717
864 353
276 903
164 551
993 359
682 338
876 480
953 910
869 606
778 393
385 921
476 980
888 291
317 742
478 451
252 224
303 914
963 435
803 995
595 965
602 160
223 675
273 831
442 857
250 683
621 100
698 215
569 552
587 949
26 341
98 429
284 756
979 801
583 576
560 13
270 576
369 916
526 17
229 533
538 247
94 676
251 284
811 517
364 666
671 436
83 186
822 624
387 311
640 342
95 812
22 953
842 594
306 447
842 582
475 350
522 831
821 686
662 317
55 392
730 253
870 404
523 265
847 457
383 868
138 508
64 3
218 467
523 167
960 436
567 247
711 31
153 899
315 786
477 947
91 299
502 509
997 416
398 494
264 466
386 872
669 960
141 521
151 768
437 364
409 496
922 233
39 115
482 455
828 7
609 122
210 235
150 424
473 813
825 965
38 553
225 998
973 566
178 370
258 75
411 437
576 391
309 574
796 478
760 728
260 39
672 534
929 546
924 39
236 991
199 218
957 66
623 403
246 930
859 866
742 97
186 517
761 165
494 164
445 421
600 546
399 248
989 547
324 246
949 265
676 650
540 329
344 623
474 898
388 600
117 181
215 164
350 152
848 654
457 325
315 586
486 88
137 564
284 781
766 154
861 295
283 730
69 878
323 622
844 352
731 731
451 488
67 122
275 267
153 85
880 71
973 499
997 686
646 135
298 80
859 163
608 576
318 642
204 725
579 434
2 304
887 936
913 253
524 302
692 818
656 840
297 92
228 620
570 257
562 703
457 849
856 140
200 974
26 455
86 754
8 368
12 31
20 35
1 881
1 68
1 768
1 593
1 554
1 791
1 605
1 286
1 458
1 713
1 381
1 981
1 777
1 163
1 680
1 448
1 416
1 817
1 954
1 204
1 811
1 698
1 629
1 721
1 336
1 526
1 986
1 279
1 798
1 639
1 320
1 842
1 318
1 360
1 971
1 247
1 461
1 440
1 142
1 324
1 335
1 760
1 256
1 843
1 957
1 168
1 579
1 751
1 80
1 957
1 415
1 156
1 579
1 670
1 411
1 699
1 860
1 226
1 796
1 707
1 330
1 723
1 580
1 657
1 792
1 509
1 108
1 336
1 657




4 1 100
1 100
1 100
1 1
1 100


20 7 2
3 4
8 4
8 5
6 14
5 10
3 18
2 5
2 4
1 6
3 11
4 3
3 5
2 8
4 6
9 14
7 2
7 6
6 4
8 2
10 5






5 2 1
5 3
4 2
6 4
3 2
2 2


