100
932139 942446
-807004 -18918
-561767 0
-575326 382728
735507 -142239
-23932 477136
882232 0
328208 989575
0 -460790
408646 -817002
966937 -689717
-263148 -907159
585582 650829
642411 0
509496 -545559
-17549 998709
-995212 -517780
241891 104753
-438107 816356
0 -2
1000000 1000000
-1 1
432430 -454031
0 728589
-503781 483472
447990 -825376
-620787 -478090
1 -2
-972130 -353597
0 1
-965138 68606
-816193 614785
-523648 371295
642410 0
-571399 510699
0 610572
1 -1
-727055 5835
155767 163033
-1 -1
-777143 739151
-510306 -326827
-998115 535495
513477 662679
-636796 -34230
-413890 -193703
866501 930384
558790 -15589
520441 983003
-1000000 -1000000
-2 0
97980 968823
690803 -693032
-142537 -923165
1 0
-357555 770345
155768 163033
-40852 747681
-755110 -377638
-140137 -623662
-905881 -320136
-1 -2
-32031 -246150
1 1
-1 0
0 -1
-999654 0
-515161 469008
830230 -232245
744685 963748
-650583 970234
-2 -1
110390 -548165
-827261 -530706
969603 173438
-480303 436517
-671680 526053
-1299 918168
-275337 349862
-243300 968706
-170599 535287
-541132 482749
481765 -286464
-792816 -584535
-2 1
479012 420947
-213472 530475
-269991 426300
-987700 -452989
-2 -2
380189 833632
-187307 230448
-310459 365168
-339128 -114582
475979 -130893
-825745 -540496
378962 -611810
-913386 -795226
-189115 -347310
964969 -981628
