25
3 3
1 1 1
1 0
1 0
1 0
1 20
2
1 1 2
3 1 3
4 0
1 2 2 3
2 1 1
4 1 4
2 2 4 1
3 2 1 4
2 0
3 1 4
4 1 3
2 1 1
3 3 4 4 3
1 2 3 1
4 1 4
2 3 2 3 4
4 0
4 0
3 1 4
3 0
4 20
18 17 6 14
5 1 7
15 3 1 8 19
8 1 6
2 1 14
12 1 9
20 2 2 2
14 3 7 1 10
19 2 15 13
9 1 12
3 2 8 20
7 3 6 11 2
11 3 1 18 16
4 3 10 15 13
1 1 16
17 2 13 5
16 2 16 4
10 1 3
13 1 10
6 2 19 9
18 1 19
10 20
1 2 3 4 5 6 7 8 9 10
7 1 7
8 1 8
2 1 2
6 0
4 1 4
4 0
2 0
5 0
5 1 5
6 1 6
10 1 10
9 1 9
3 0
3 1 3
9 0
1 0
10 0
8 0
1 1 1
7 0
3 20
3 3 2
1 2 1 3
1 1 2
3 1 2
2 1 1
2 2 2 3
1 1 2
1 2 2 2
2 3 2 1 2
1 0
3 4 2 3 1 1
2 1 3
3 1 1
1 0
1 1 1
2 1 3
3 0
2 1 1
3 3 2 1 3
1 0
3 2 1 3
1 1
2
2 0
2 20
3 1
1 0
1 3 2 1 2
2 0
1 1 2
1 1 1
1 2 2 2
2 0
3 0
1 1 3
1 2 1 3
1 1 1
1 1 1
2 2 1 1
2 0
2 1 2
1 1 3
3 1 3
2 2 1 2
3 0
3 0
2 20
2 4
1 1 3
2 3 4 4 4
4 2 4 1
1 3 1 3 2
4 3 3 4 2
4 1 2
2 1 4
4 4 2 3 4 3
1 1 4
2 2 1 3
1 0
2 3 3 4 1
1 1 2
3 1 2
1 1 3
4 0
2 1 3
2 0
4 3 1 1 4
2 1 1
3 10
2 2 2
1 1 1
2 2 1 1
1 1 1
1 0
1 1 1
2 1 2
1 2 2 2
1 0
1 1 1
2 5 2 2 1 2 1
1 4
1
1 0
1 2 1 3
2 0
3 1 2
1 1
2
1 1 1
2 9
13 13
13 0
13 1 13
13 1 13
13 1 13
13 2 13 13
13 0
13 0
13 1 13
13 1 13
3 15
1 3 2
3 3 2 1 1
3 0
1 3 1 1 2
2 1 3
3 1 1
2 4 1 3 1 3
3 1 1
1 2 3 1
3 0
2 0
2 1 3
1 2 1 1
2 1 3
2 2 1 1
1 3 3 2 2
4 15
2 2 1 2
1 1 1
1 3 1 2 1
1 3 2 1 1
2 2 3 2
1 2 2 2
3 1 2
2 1 2
1 3 3 2 1
1 2 3 2
2 2 2 3
1 2 3 2
1 3 2 3 1
1 0
2 6 2 3 1 2 2 3
1 2 1 3
2 10
1 4
6 2 2 2
2 2 1 2
1 3 5 2 5
1 4 4 3 3 2
5 1 6
1 4 2 2 6 1
1 2 3 4
2 4 1 5 1 6
1 4 2 2 3 3
3 2 5 3
1 2
2
2 0
2 1 2
2 13
2 2
2 0
2 0
2 1 2
2 1 2
2 0
2 0
2 1 2
2 1 2
2 3 2 2 2
2 0
2 0
2 1 2
2 2 2 2
1 1
2
2 3 1 2 3
23 5
3 3 1 4 2 1 2 4 2 4 4 4 3 4 1 1 3 4 2 3 4 1 2
4 1 1
2 1 1
4 1 2
3 1 3
4 2 1 3
2 20
4 13
10 1 10
16 1 10
8 2 12 16
15 1 8
17 2 2 15
2 4 8 2 15 17
11 1 2
12 2 16 11
6 1 12
18 1 6
9 1 18
4 1 9
19 2 3 4
5 1 19
3 2 17 5
1 1 3
14 1 1
20 1 14
7 1 20
13 1 7
20 15
1 4 5 3 5 1 3 4 3 5 1 5 3 3 1 2 1 5 2 4
4 1 1
4 0
1 0
3 2 5 3
4 1 4
4 2 1 2
2 2 2 2
4 2 2 4
3 1 4
4 1 5
2 1 2
3 4 3 4 1 2
2 1 2
1 0
2 2 4 3
1 1
2
1 3 1 2 3
3 5
2 2 1
2 2 1 2
1 2 1 1
1 1 1
2 0
2 1 2
3 19
1 1 1
1 0
1 0
1 0
1 0
1 0
1 0
1 1 1
1 1 1
1 1 1
1 1 1
1 1 1
1 1 1
1 1 1
1 1 1
1 1 1
1 2 1 1
1 2 1 1
1 2 1 1
1 2 1 1
5 20
1 1 1 2 1
3 3 1 1 3
3 0
3 3 1 3 2
3 1 1
3 0
2 3 2 3 3
3 0
2 1 3
3 3 1 1 1
2 4 2 3 2 2
3 2 2 2
3 0
1 1 1
3 1 1
3 4 2 3 1 3
3 0
1 0
2 3 3 3 3
1 1 3
1 1 1
